73.23246925506987   38.60313063915987
73.20385503176794   38.57160743086411
73.15912116485828   38.52116285754050
73.12866406398371   38.44121296774484
73.08202662826938   38.36507021555804
72.96437412354504   38.11518854053202
370.0000            0.00
73.39177296470331   39.31210759318356
73.41675730526464   39.23215770338788
73.42945767838341   39.14520624958232
73.41613269675065   38.98911360759985
73.40375949952045   38.93581368106925
73.37483114705060   38.89148769368444
73.36667890907336   38.86771033291734
73.35880530910526   38.84474566634322
73.35343457535225   38.82908102622992
73.33913923196326   38.78738627467920
73.30858105928718   38.73700971403219
73.26384719237751   38.67502475483002
370.0000            0.00
72.68132539488749   38.42617477418776
72.71463784896929   38.46995685669527
72.73843245902759   38.49184789794867
72.76698599109756   38.52325678322586
72.81364840876716   38.55967990047907
370.0000            0.00
72.60708621150559   38.25104644415887
72.68322896369216   38.31386421471279
370.0000            0.00
72.76984134430450   38.31576778351746
72.78031097273009   38.32814098074755
72.78506989474170   38.34622488439186
72.78697346354636   38.37001949445039
370.0000            0.00
72.97161963759896   38.26722677899853
73.00588387608281   38.31386421471279
370.0000            0.00
72.89460924916943   38.23870825927770
72.90213937622860   38.25866071937753
72.90975365144720   38.27769640742395
72.92783755509157   38.29768387987315
72.95543930275920   38.33004454955221
72.97733034401290   38.36430878803640
72.99922138526654   38.40904265494601
370.0000            0.00
72.98018569721984   38.33670704036854
73.00302852287587   38.37287484765716
370.0000            0.00
73.05823201821107   38.46234258147660
73.07631592185544   38.47661934751137
73.10391766952307   38.50898001719088
73.12485692637438   38.54419604007694
73.14023812820318   38.57601734150649
73.16483187127244   38.61653165465441
370.0000            0.00
73.39248680300517   39.13007882623765
73.39391447960861   39.17933366905822
73.39177296470331   39.23715457150025
370.0000            0.00
73.36464710923684   39.12722347303065
73.36607478584034   39.16719841792838
73.36536094753870   39.22287780546503
370.0000            0.00
73.42492357704037   39.19636709380279
73.44816619054154   39.23501305659488
370.0000            0.00
73.47172285449915   38.94448086778289
73.47457820770614   38.95732995721437
73.46672598638708   39.00587096173331
73.46743982468871   39.02443075757878
73.46886750129221   39.04727358323476
73.48028891412031   39.06868873228724
73.49385184185354   39.08724852813270
370.0000            0.00
73.05075482938804   38.39047200130699
73.07216997844057   38.42616391639421
370.0000            0.00
